_distanceMatrix(0,0) = 0;
_distanceMatrix(1,0) = 195;
_distanceMatrix(1,1) = 0;
_distanceMatrix(2,0) = 126;
_distanceMatrix(2,1) = 154;
_distanceMatrix(2,2) = 0;
_distanceMatrix(3,0) = 107;
_distanceMatrix(3,1) = 170;
_distanceMatrix(3,2) = 45;
_distanceMatrix(3,3) = 0;
_distanceMatrix(4,0) = 113;
_distanceMatrix(4,1) = 205;
_distanceMatrix(4,2) = 177;
_distanceMatrix(4,3) = 140;
_distanceMatrix(4,4) = 0;
_distanceMatrix(5,0) = 60;
_distanceMatrix(5,1) = 159;
_distanceMatrix(5,2) = 94;
_distanceMatrix(5,3) = 98;
_distanceMatrix(5,4) = 153;
_distanceMatrix(5,5) = 0;
_distanceMatrix(6,0) = 86;
_distanceMatrix(6,1) = 174;
_distanceMatrix(6,2) = 81;
_distanceMatrix(6,3) = 40;
_distanceMatrix(6,4) = 100;
_distanceMatrix(6,5) = 98;
_distanceMatrix(6,6) = 0;
_distanceMatrix(7,0) = 94;
_distanceMatrix(7,1) = 198;
_distanceMatrix(7,2) = 168;
_distanceMatrix(7,3) = 134;
_distanceMatrix(7,4) = 21;
_distanceMatrix(7,5) = 135;
_distanceMatrix(7,6) = 94;
_distanceMatrix(7,7) = 0;
_distanceMatrix(8,0) = 106;
_distanceMatrix(8,1) = 202;
_distanceMatrix(8,2) = 101;
_distanceMatrix(8,3) = 56;
_distanceMatrix(8,4) = 102;
_distanceMatrix(8,5) = 127;
_distanceMatrix(8,6) = 32;
_distanceMatrix(8,7) = 102;
_distanceMatrix(8,8) = 0;
_distanceMatrix(9,0) = 96;
_distanceMatrix(9,1) = 198;
_distanceMatrix(9,2) = 172;
_distanceMatrix(9,3) = 138;
_distanceMatrix(9,4) = 22;
_distanceMatrix(9,5) = 138;
_distanceMatrix(9,6) = 99;
_distanceMatrix(9,7) = 5;
_distanceMatrix(9,8) = 107;
_distanceMatrix(9,9) = 0;
_distanceMatrix(10,0) = 84;
_distanceMatrix(10,1) = 196;
_distanceMatrix(10,2) = 160;
_distanceMatrix(10,3) = 126;
_distanceMatrix(10,4) = 28;
_distanceMatrix(10,5) = 127;
_distanceMatrix(10,6) = 87;
_distanceMatrix(10,7) = 10;
_distanceMatrix(10,8) = 95;
_distanceMatrix(10,9) = 15;
_distanceMatrix(10,10) = 0;
_distanceMatrix(11,0) = 111;
_distanceMatrix(11,1) = 139;
_distanceMatrix(11,2) = 23;
_distanceMatrix(11,3) = 42;
_distanceMatrix(11,4) = 158;
_distanceMatrix(11,5) = 80;
_distanceMatrix(11,6) = 68;
_distanceMatrix(11,7) = 149;
_distanceMatrix(11,8) = 94;
_distanceMatrix(11,9) = 153;
_distanceMatrix(11,10) = 142;
_distanceMatrix(11,11) = 0;
_distanceMatrix(12,0) = 27;
_distanceMatrix(12,1) = 169;
_distanceMatrix(12,2) = 108;
_distanceMatrix(12,3) = 93;
_distanceMatrix(12,4) = 114;
_distanceMatrix(12,5) = 42;
_distanceMatrix(12,6) = 77;
_distanceMatrix(12,7) = 95;
_distanceMatrix(12,8) = 103;
_distanceMatrix(12,9) = 98;
_distanceMatrix(12,10) = 87;
_distanceMatrix(12,11) = 91;
_distanceMatrix(12,12) = 0;
_distanceMatrix(13,0) = 91;
_distanceMatrix(13,1) = 154;
_distanceMatrix(13,2) = 61;
_distanceMatrix(13,3) = 29;
_distanceMatrix(13,4) = 116;
_distanceMatrix(13,5) = 87;
_distanceMatrix(13,6) = 24;
_distanceMatrix(13,7) = 109;
_distanceMatrix(13,8) = 53;
_distanceMatrix(13,9) = 113;
_distanceMatrix(13,10) = 101;
_distanceMatrix(13,11) = 46;
_distanceMatrix(13,12) = 76;
_distanceMatrix(13,13) = 0;
_distanceMatrix(14,0) = 112;
_distanceMatrix(14,1) = 180;
_distanceMatrix(14,2) = 96;
_distanceMatrix(14,3) = 54;
_distanceMatrix(14,4) = 97;
_distanceMatrix(14,5) = 125;
_distanceMatrix(14,6) = 29;
_distanceMatrix(14,7) = 97;
_distanceMatrix(14,8) = 26;
_distanceMatrix(14,9) = 102;
_distanceMatrix(14,10) = 91;
_distanceMatrix(14,11) = 86;
_distanceMatrix(14,12) = 103;
_distanceMatrix(14,13) = 43;
_distanceMatrix(14,14) = 0;
_distanceMatrix(15,0) = 99;
_distanceMatrix(15,1) = 112;
_distanceMatrix(15,2) = 65;
_distanceMatrix(15,3) = 80;
_distanceMatrix(15,4) = 155;
_distanceMatrix(15,5) = 56;
_distanceMatrix(15,6) = 89;
_distanceMatrix(15,7) = 142;
_distanceMatrix(15,8) = 121;
_distanceMatrix(15,9) = 145;
_distanceMatrix(15,10) = 135;
_distanceMatrix(15,11) = 46;
_distanceMatrix(15,12) = 74;
_distanceMatrix(15,13) = 68;
_distanceMatrix(15,14) = 110;
_distanceMatrix(15,15) = 0;
_distanceMatrix(16,0) = 58;
_distanceMatrix(16,1) = 149;
_distanceMatrix(16,2) = 85;
_distanceMatrix(16,3) = 65;
_distanceMatrix(16,4) = 103;
_distanceMatrix(16,5) = 59;
_distanceMatrix(16,6) = 47;
_distanceMatrix(16,7) = 89;
_distanceMatrix(16,8) = 78;
_distanceMatrix(16,9) = 92;
_distanceMatrix(16,10) = 81;
_distanceMatrix(16,11) = 65;
_distanceMatrix(16,12) = 38;
_distanceMatrix(16,13) = 42;
_distanceMatrix(16,14) = 71;
_distanceMatrix(16,15) = 58;
_distanceMatrix(16,16) = 0;
_distanceMatrix(17,0) = 64;
_distanceMatrix(17,1) = 192;
_distanceMatrix(17,2) = 152;
_distanceMatrix(17,3) = 121;
_distanceMatrix(17,4) = 50;
_distanceMatrix(17,5) = 109;
_distanceMatrix(17,6) = 84;
_distanceMatrix(17,7) = 29;
_distanceMatrix(17,8) = 97;
_distanceMatrix(17,9) = 32;
_distanceMatrix(17,10) = 21;
_distanceMatrix(17,11) = 133;
_distanceMatrix(17,12) = 68;
_distanceMatrix(17,13) = 96;
_distanceMatrix(17,14) = 96;
_distanceMatrix(17,15) = 124;
_distanceMatrix(17,16) = 69;
_distanceMatrix(17,17) = 0;
_distanceMatrix(18,0) = 148;
_distanceMatrix(18,1) = 215;
_distanceMatrix(18,2) = 181;
_distanceMatrix(18,3) = 152;
_distanceMatrix(18,4) = 40;
_distanceMatrix(18,5) = 184;
_distanceMatrix(18,6) = 115;
_distanceMatrix(18,7) = 61;
_distanceMatrix(18,8) = 110;
_distanceMatrix(18,9) = 61;
_distanceMatrix(18,10) = 67;
_distanceMatrix(18,11) = 174;
_distanceMatrix(18,12) = 147;
_distanceMatrix(18,13) = 130;
_distanceMatrix(18,14) = 101;
_distanceMatrix(18,15) = 177;
_distanceMatrix(18,16) = 128;
_distanceMatrix(18,17) = 88;
_distanceMatrix(18,18) = 0;
_distanceMatrix(19,0) = 112;
_distanceMatrix(19,1) = 194;
_distanceMatrix(19,2) = 160;
_distanceMatrix(19,3) = 122;
_distanceMatrix(19,4) = 22;
_distanceMatrix(19,5) = 147;
_distanceMatrix(19,6) = 83;
_distanceMatrix(19,7) = 33;
_distanceMatrix(19,8) = 85;
_distanceMatrix(19,9) = 36;
_distanceMatrix(19,10) = 36;
_distanceMatrix(19,11) = 143;
_distanceMatrix(19,12) = 110;
_distanceMatrix(19,13) = 99;
_distanceMatrix(19,14) = 77;
_distanceMatrix(19,15) = 144;
_distanceMatrix(19,16) = 92;
_distanceMatrix(19,17) = 55;
_distanceMatrix(19,18) = 37;
_distanceMatrix(19,19) = 0;
_distanceMatrix(0,1) = -195;
_distanceMatrix(0,2) = -126;
_distanceMatrix(0,3) = -107;
_distanceMatrix(0,4) = -113;
_distanceMatrix(0,5) = -60;
_distanceMatrix(0,6) = -86;
_distanceMatrix(0,7) = -94;
_distanceMatrix(0,8) = -106;
_distanceMatrix(0,9) = -96;
_distanceMatrix(0,10) = -84;
_distanceMatrix(0,11) = -111;
_distanceMatrix(0,12) = -27;
_distanceMatrix(0,13) = -91;
_distanceMatrix(0,14) = -112;
_distanceMatrix(0,15) = -99;
_distanceMatrix(0,16) = -58;
_distanceMatrix(0,17) = -64;
_distanceMatrix(0,18) = -148;
_distanceMatrix(0,19) = -112;
_distanceMatrix(1,2) = -154;
_distanceMatrix(1,3) = -170;
_distanceMatrix(1,4) = -205;
_distanceMatrix(1,5) = -159;
_distanceMatrix(1,6) = -174;
_distanceMatrix(1,7) = -198;
_distanceMatrix(1,8) = -202;
_distanceMatrix(1,9) = -198;
_distanceMatrix(1,10) = -196;
_distanceMatrix(1,11) = -139;
_distanceMatrix(1,12) = -169;
_distanceMatrix(1,13) = -154;
_distanceMatrix(1,14) = -180;
_distanceMatrix(1,15) = -112;
_distanceMatrix(1,16) = -149;
_distanceMatrix(1,17) = -192;
_distanceMatrix(1,18) = -215;
_distanceMatrix(1,19) = -194;
_distanceMatrix(2,3) = -45;
_distanceMatrix(2,4) = -177;
_distanceMatrix(2,5) = -94;
_distanceMatrix(2,6) = -81;
_distanceMatrix(2,7) = -168;
_distanceMatrix(2,8) = -101;
_distanceMatrix(2,9) = -172;
_distanceMatrix(2,10) = -160;
_distanceMatrix(2,11) = -23;
_distanceMatrix(2,12) = -108;
_distanceMatrix(2,13) = -61;
_distanceMatrix(2,14) = -96;
_distanceMatrix(2,15) = -65;
_distanceMatrix(2,16) = -85;
_distanceMatrix(2,17) = -152;
_distanceMatrix(2,18) = -181;
_distanceMatrix(2,19) = -160;
_distanceMatrix(3,4) = -140;
_distanceMatrix(3,5) = -98;
_distanceMatrix(3,6) = -40;
_distanceMatrix(3,7) = -134;
_distanceMatrix(3,8) = -56;
_distanceMatrix(3,9) = -138;
_distanceMatrix(3,10) = -126;
_distanceMatrix(3,11) = -42;
_distanceMatrix(3,12) = -93;
_distanceMatrix(3,13) = -29;
_distanceMatrix(3,14) = -54;
_distanceMatrix(3,15) = -80;
_distanceMatrix(3,16) = -65;
_distanceMatrix(3,17) = -121;
_distanceMatrix(3,18) = -152;
_distanceMatrix(3,19) = -122;
_distanceMatrix(4,5) = -153;
_distanceMatrix(4,6) = -100;
_distanceMatrix(4,7) = -21;
_distanceMatrix(4,8) = -102;
_distanceMatrix(4,9) = -22;
_distanceMatrix(4,10) = -28;
_distanceMatrix(4,11) = -158;
_distanceMatrix(4,12) = -114;
_distanceMatrix(4,13) = -116;
_distanceMatrix(4,14) = -97;
_distanceMatrix(4,15) = -155;
_distanceMatrix(4,16) = -103;
_distanceMatrix(4,17) = -50;
_distanceMatrix(4,18) = -40;
_distanceMatrix(4,19) = -22;
_distanceMatrix(5,6) = -98;
_distanceMatrix(5,7) = -135;
_distanceMatrix(5,8) = -127;
_distanceMatrix(5,9) = -138;
_distanceMatrix(5,10) = -127;
_distanceMatrix(5,11) = -80;
_distanceMatrix(5,12) = -42;
_distanceMatrix(5,13) = -87;
_distanceMatrix(5,14) = -125;
_distanceMatrix(5,15) = -56;
_distanceMatrix(5,16) = -59;
_distanceMatrix(5,17) = -109;
_distanceMatrix(5,18) = -184;
_distanceMatrix(5,19) = -147;
_distanceMatrix(6,7) = -94;
_distanceMatrix(6,8) = -32;
_distanceMatrix(6,9) = -99;
_distanceMatrix(6,10) = -87;
_distanceMatrix(6,11) = -68;
_distanceMatrix(6,12) = -77;
_distanceMatrix(6,13) = -24;
_distanceMatrix(6,14) = -29;
_distanceMatrix(6,15) = -89;
_distanceMatrix(6,16) = -47;
_distanceMatrix(6,17) = -84;
_distanceMatrix(6,18) = -115;
_distanceMatrix(6,19) = -83;
_distanceMatrix(7,8) = -102;
_distanceMatrix(7,9) = -5;
_distanceMatrix(7,10) = -10;
_distanceMatrix(7,11) = -149;
_distanceMatrix(7,12) = -95;
_distanceMatrix(7,13) = -109;
_distanceMatrix(7,14) = -97;
_distanceMatrix(7,15) = -142;
_distanceMatrix(7,16) = -89;
_distanceMatrix(7,17) = -29;
_distanceMatrix(7,18) = -61;
_distanceMatrix(7,19) = -33;
_distanceMatrix(8,9) = -107;
_distanceMatrix(8,10) = -95;
_distanceMatrix(8,11) = -94;
_distanceMatrix(8,12) = -103;
_distanceMatrix(8,13) = -53;
_distanceMatrix(8,14) = -26;
_distanceMatrix(8,15) = -121;
_distanceMatrix(8,16) = -78;
_distanceMatrix(8,17) = -97;
_distanceMatrix(8,18) = -110;
_distanceMatrix(8,19) = -85;
_distanceMatrix(9,10) = -15;
_distanceMatrix(9,11) = -153;
_distanceMatrix(9,12) = -98;
_distanceMatrix(9,13) = -113;
_distanceMatrix(9,14) = -102;
_distanceMatrix(9,15) = -145;
_distanceMatrix(9,16) = -92;
_distanceMatrix(9,17) = -32;
_distanceMatrix(9,18) = -61;
_distanceMatrix(9,19) = -36;
_distanceMatrix(10,11) = -142;
_distanceMatrix(10,12) = -87;
_distanceMatrix(10,13) = -101;
_distanceMatrix(10,14) = -91;
_distanceMatrix(10,15) = -135;
_distanceMatrix(10,16) = -81;
_distanceMatrix(10,17) = -21;
_distanceMatrix(10,18) = -67;
_distanceMatrix(10,19) = -36;
_distanceMatrix(11,12) = -91;
_distanceMatrix(11,13) = -46;
_distanceMatrix(11,14) = -86;
_distanceMatrix(11,15) = -46;
_distanceMatrix(11,16) = -65;
_distanceMatrix(11,17) = -133;
_distanceMatrix(11,18) = -174;
_distanceMatrix(11,19) = -143;
_distanceMatrix(12,13) = -76;
_distanceMatrix(12,14) = -103;
_distanceMatrix(12,15) = -74;
_distanceMatrix(12,16) = -38;
_distanceMatrix(12,17) = -68;
_distanceMatrix(12,18) = -147;
_distanceMatrix(12,19) = -110;
_distanceMatrix(13,14) = -43;
_distanceMatrix(13,15) = -68;
_distanceMatrix(13,16) = -42;
_distanceMatrix(13,17) = -96;
_distanceMatrix(13,18) = -130;
_distanceMatrix(13,19) = -99;
_distanceMatrix(14,15) = -110;
_distanceMatrix(14,16) = -71;
_distanceMatrix(14,17) = -96;
_distanceMatrix(14,18) = -101;
_distanceMatrix(14,19) = -77;
_distanceMatrix(15,16) = -58;
_distanceMatrix(15,17) = -124;
_distanceMatrix(15,18) = -177;
_distanceMatrix(15,19) = -144;
_distanceMatrix(16,17) = -69;
_distanceMatrix(16,18) = -128;
_distanceMatrix(16,19) = -92;
_distanceMatrix(17,18) = -88;
_distanceMatrix(17,19) = -55;
_distanceMatrix(18,19) = -37;
