_distanceMatrix(0,0) = 0;
_distanceMatrix(1,0) = 112;
_distanceMatrix(1,1) = 0;
_distanceMatrix(2,0) = 111;
_distanceMatrix(2,1) = 86;
_distanceMatrix(2,2) = 0;
_distanceMatrix(3,0) = 126;
_distanceMatrix(3,1) = 96;
_distanceMatrix(3,2) = 23;
_distanceMatrix(3,3) = 0;
_distanceMatrix(4,0) = 195;
_distanceMatrix(4,1) = 180;
_distanceMatrix(4,2) = 139;
_distanceMatrix(4,3) = 154;
_distanceMatrix(4,4) = 0;
_distanceMatrix(5,0) = 91;
_distanceMatrix(5,1) = 43;
_distanceMatrix(5,2) = 46;
_distanceMatrix(5,3) = 61;
_distanceMatrix(5,4) = 154;
_distanceMatrix(5,5) = 0;
_distanceMatrix(6,0) = 107;
_distanceMatrix(6,1) = 54;
_distanceMatrix(6,2) = 42;
_distanceMatrix(6,3) = 45;
_distanceMatrix(6,4) = 170;
_distanceMatrix(6,5) = 29;
_distanceMatrix(6,6) = 0;
_distanceMatrix(7,0) = 60;
_distanceMatrix(7,1) = 125;
_distanceMatrix(7,2) = 80;
_distanceMatrix(7,3) = 94;
_distanceMatrix(7,4) = 159;
_distanceMatrix(7,5) = 87;
_distanceMatrix(7,6) = 98;
_distanceMatrix(7,7) = 0;
_distanceMatrix(8,0) = 86;
_distanceMatrix(8,1) = 29;
_distanceMatrix(8,2) = 68;
_distanceMatrix(8,3) = 81;
_distanceMatrix(8,4) = 174;
_distanceMatrix(8,5) = 24;
_distanceMatrix(8,6) = 40;
_distanceMatrix(8,7) = 98;
_distanceMatrix(8,8) = 0;
_distanceMatrix(9,0) = 94;
_distanceMatrix(9,1) = 97;
_distanceMatrix(9,2) = 149;
_distanceMatrix(9,3) = 168;
_distanceMatrix(9,4) = 198;
_distanceMatrix(9,5) = 109;
_distanceMatrix(9,6) = 134;
_distanceMatrix(9,7) = 135;
_distanceMatrix(9,8) = 94;
_distanceMatrix(9,9) = 0;
_distanceMatrix(10,0) = 96;
_distanceMatrix(10,1) = 102;
_distanceMatrix(10,2) = 153;
_distanceMatrix(10,3) = 172;
_distanceMatrix(10,4) = 198;
_distanceMatrix(10,5) = 113;
_distanceMatrix(10,6) = 138;
_distanceMatrix(10,7) = 138;
_distanceMatrix(10,8) = 99;
_distanceMatrix(10,9) = 5;
_distanceMatrix(10,10) = 0;
_distanceMatrix(11,0) = 106;
_distanceMatrix(11,1) = 26;
_distanceMatrix(11,2) = 94;
_distanceMatrix(11,3) = 101;
_distanceMatrix(11,4) = 202;
_distanceMatrix(11,5) = 53;
_distanceMatrix(11,6) = 56;
_distanceMatrix(11,7) = 127;
_distanceMatrix(11,8) = 32;
_distanceMatrix(11,9) = 102;
_distanceMatrix(11,10) = 107;
_distanceMatrix(11,11) = 0;
_distanceMatrix(12,0) = 84;
_distanceMatrix(12,1) = 91;
_distanceMatrix(12,2) = 142;
_distanceMatrix(12,3) = 160;
_distanceMatrix(12,4) = 196;
_distanceMatrix(12,5) = 101;
_distanceMatrix(12,6) = 126;
_distanceMatrix(12,7) = 127;
_distanceMatrix(12,8) = 87;
_distanceMatrix(12,9) = 10;
_distanceMatrix(12,10) = 15;
_distanceMatrix(12,11) = 95;
_distanceMatrix(12,12) = 0;
_distanceMatrix(13,0) = 113;
_distanceMatrix(13,1) = 97;
_distanceMatrix(13,2) = 158;
_distanceMatrix(13,3) = 177;
_distanceMatrix(13,4) = 205;
_distanceMatrix(13,5) = 116;
_distanceMatrix(13,6) = 140;
_distanceMatrix(13,7) = 153;
_distanceMatrix(13,8) = 100;
_distanceMatrix(13,9) = 21;
_distanceMatrix(13,10) = 22;
_distanceMatrix(13,11) = 102;
_distanceMatrix(13,12) = 28;
_distanceMatrix(13,13) = 0;
_distanceMatrix(14,0) = 27;
_distanceMatrix(14,1) = 103;
_distanceMatrix(14,2) = 91;
_distanceMatrix(14,3) = 108;
_distanceMatrix(14,4) = 169;
_distanceMatrix(14,5) = 76;
_distanceMatrix(14,6) = 93;
_distanceMatrix(14,7) = 42;
_distanceMatrix(14,8) = 77;
_distanceMatrix(14,9) = 95;
_distanceMatrix(14,10) = 98;
_distanceMatrix(14,11) = 103;
_distanceMatrix(14,12) = 87;
_distanceMatrix(14,13) = 114;
_distanceMatrix(14,14) = 0;
_distanceMatrix(15,0) = 99;
_distanceMatrix(15,1) = 110;
_distanceMatrix(15,2) = 46;
_distanceMatrix(15,3) = 65;
_distanceMatrix(15,4) = 112;
_distanceMatrix(15,5) = 68;
_distanceMatrix(15,6) = 80;
_distanceMatrix(15,7) = 56;
_distanceMatrix(15,8) = 89;
_distanceMatrix(15,9) = 142;
_distanceMatrix(15,10) = 145;
_distanceMatrix(15,11) = 121;
_distanceMatrix(15,12) = 135;
_distanceMatrix(15,13) = 155;
_distanceMatrix(15,14) = 74;
_distanceMatrix(15,15) = 0;
_distanceMatrix(16,0) = 58;
_distanceMatrix(16,1) = 71;
_distanceMatrix(16,2) = 65;
_distanceMatrix(16,3) = 85;
_distanceMatrix(16,4) = 149;
_distanceMatrix(16,5) = 42;
_distanceMatrix(16,6) = 65;
_distanceMatrix(16,7) = 59;
_distanceMatrix(16,8) = 47;
_distanceMatrix(16,9) = 89;
_distanceMatrix(16,10) = 92;
_distanceMatrix(16,11) = 78;
_distanceMatrix(16,12) = 81;
_distanceMatrix(16,13) = 103;
_distanceMatrix(16,14) = 38;
_distanceMatrix(16,15) = 58;
_distanceMatrix(16,16) = 0;
_distanceMatrix(17,0) = 148;
_distanceMatrix(17,1) = 101;
_distanceMatrix(17,2) = 174;
_distanceMatrix(17,3) = 181;
_distanceMatrix(17,4) = 215;
_distanceMatrix(17,5) = 130;
_distanceMatrix(17,6) = 152;
_distanceMatrix(17,7) = 184;
_distanceMatrix(17,8) = 115;
_distanceMatrix(17,9) = 61;
_distanceMatrix(17,10) = 61;
_distanceMatrix(17,11) = 110;
_distanceMatrix(17,12) = 67;
_distanceMatrix(17,13) = 40;
_distanceMatrix(17,14) = 147;
_distanceMatrix(17,15) = 177;
_distanceMatrix(17,16) = 128;
_distanceMatrix(17,17) = 0;
_distanceMatrix(18,0) = 112;
_distanceMatrix(18,1) = 77;
_distanceMatrix(18,2) = 143;
_distanceMatrix(18,3) = 160;
_distanceMatrix(18,4) = 194;
_distanceMatrix(18,5) = 99;
_distanceMatrix(18,6) = 122;
_distanceMatrix(18,7) = 147;
_distanceMatrix(18,8) = 83;
_distanceMatrix(18,9) = 33;
_distanceMatrix(18,10) = 36;
_distanceMatrix(18,11) = 85;
_distanceMatrix(18,12) = 36;
_distanceMatrix(18,13) = 22;
_distanceMatrix(18,14) = 110;
_distanceMatrix(18,15) = 144;
_distanceMatrix(18,16) = 92;
_distanceMatrix(18,17) = 37;
_distanceMatrix(18,18) = 0;
_distanceMatrix(19,0) = 64;
_distanceMatrix(19,1) = 96;
_distanceMatrix(19,2) = 133;
_distanceMatrix(19,3) = 152;
_distanceMatrix(19,4) = 192;
_distanceMatrix(19,5) = 96;
_distanceMatrix(19,6) = 121;
_distanceMatrix(19,7) = 109;
_distanceMatrix(19,8) = 84;
_distanceMatrix(19,9) = 29;
_distanceMatrix(19,10) = 32;
_distanceMatrix(19,11) = 97;
_distanceMatrix(19,12) = 21;
_distanceMatrix(19,13) = 50;
_distanceMatrix(19,14) = 68;
_distanceMatrix(19,15) = 124;
_distanceMatrix(19,16) = 69;
_distanceMatrix(19,17) = 88;
_distanceMatrix(19,18) = 55;
_distanceMatrix(19,19) = 0;
_distanceMatrix(0,1) = -112;
_distanceMatrix(0,2) = -111;
_distanceMatrix(0,3) = -126;
_distanceMatrix(0,4) = -195;
_distanceMatrix(0,5) = -91;
_distanceMatrix(0,6) = -107;
_distanceMatrix(0,7) = -60;
_distanceMatrix(0,8) = -86;
_distanceMatrix(0,9) = -94;
_distanceMatrix(0,10) = -96;
_distanceMatrix(0,11) = -106;
_distanceMatrix(0,12) = -84;
_distanceMatrix(0,13) = -113;
_distanceMatrix(0,14) = -27;
_distanceMatrix(0,15) = -99;
_distanceMatrix(0,16) = -58;
_distanceMatrix(0,17) = -148;
_distanceMatrix(0,18) = -112;
_distanceMatrix(0,19) = -64;
_distanceMatrix(1,2) = -86;
_distanceMatrix(1,3) = -96;
_distanceMatrix(1,4) = -180;
_distanceMatrix(1,5) = -43;
_distanceMatrix(1,6) = -54;
_distanceMatrix(1,7) = -125;
_distanceMatrix(1,8) = -29;
_distanceMatrix(1,9) = -97;
_distanceMatrix(1,10) = -102;
_distanceMatrix(1,11) = -26;
_distanceMatrix(1,12) = -91;
_distanceMatrix(1,13) = -97;
_distanceMatrix(1,14) = -103;
_distanceMatrix(1,15) = -110;
_distanceMatrix(1,16) = -71;
_distanceMatrix(1,17) = -101;
_distanceMatrix(1,18) = -77;
_distanceMatrix(1,19) = -96;
_distanceMatrix(2,3) = -23;
_distanceMatrix(2,4) = -139;
_distanceMatrix(2,5) = -46;
_distanceMatrix(2,6) = -42;
_distanceMatrix(2,7) = -80;
_distanceMatrix(2,8) = -68;
_distanceMatrix(2,9) = -149;
_distanceMatrix(2,10) = -153;
_distanceMatrix(2,11) = -94;
_distanceMatrix(2,12) = -142;
_distanceMatrix(2,13) = -158;
_distanceMatrix(2,14) = -91;
_distanceMatrix(2,15) = -46;
_distanceMatrix(2,16) = -65;
_distanceMatrix(2,17) = -174;
_distanceMatrix(2,18) = -143;
_distanceMatrix(2,19) = -133;
_distanceMatrix(3,4) = -154;
_distanceMatrix(3,5) = -61;
_distanceMatrix(3,6) = -45;
_distanceMatrix(3,7) = -94;
_distanceMatrix(3,8) = -81;
_distanceMatrix(3,9) = -168;
_distanceMatrix(3,10) = -172;
_distanceMatrix(3,11) = -101;
_distanceMatrix(3,12) = -160;
_distanceMatrix(3,13) = -177;
_distanceMatrix(3,14) = -108;
_distanceMatrix(3,15) = -65;
_distanceMatrix(3,16) = -85;
_distanceMatrix(3,17) = -181;
_distanceMatrix(3,18) = -160;
_distanceMatrix(3,19) = -152;
_distanceMatrix(4,5) = -154;
_distanceMatrix(4,6) = -170;
_distanceMatrix(4,7) = -159;
_distanceMatrix(4,8) = -174;
_distanceMatrix(4,9) = -198;
_distanceMatrix(4,10) = -198;
_distanceMatrix(4,11) = -202;
_distanceMatrix(4,12) = -196;
_distanceMatrix(4,13) = -205;
_distanceMatrix(4,14) = -169;
_distanceMatrix(4,15) = -112;
_distanceMatrix(4,16) = -149;
_distanceMatrix(4,17) = -215;
_distanceMatrix(4,18) = -194;
_distanceMatrix(4,19) = -192;
_distanceMatrix(5,6) = -29;
_distanceMatrix(5,7) = -87;
_distanceMatrix(5,8) = -24;
_distanceMatrix(5,9) = -109;
_distanceMatrix(5,10) = -113;
_distanceMatrix(5,11) = -53;
_distanceMatrix(5,12) = -101;
_distanceMatrix(5,13) = -116;
_distanceMatrix(5,14) = -76;
_distanceMatrix(5,15) = -68;
_distanceMatrix(5,16) = -42;
_distanceMatrix(5,17) = -130;
_distanceMatrix(5,18) = -99;
_distanceMatrix(5,19) = -96;
_distanceMatrix(6,7) = -98;
_distanceMatrix(6,8) = -40;
_distanceMatrix(6,9) = -134;
_distanceMatrix(6,10) = -138;
_distanceMatrix(6,11) = -56;
_distanceMatrix(6,12) = -126;
_distanceMatrix(6,13) = -140;
_distanceMatrix(6,14) = -93;
_distanceMatrix(6,15) = -80;
_distanceMatrix(6,16) = -65;
_distanceMatrix(6,17) = -152;
_distanceMatrix(6,18) = -122;
_distanceMatrix(6,19) = -121;
_distanceMatrix(7,8) = -98;
_distanceMatrix(7,9) = -135;
_distanceMatrix(7,10) = -138;
_distanceMatrix(7,11) = -127;
_distanceMatrix(7,12) = -127;
_distanceMatrix(7,13) = -153;
_distanceMatrix(7,14) = -42;
_distanceMatrix(7,15) = -56;
_distanceMatrix(7,16) = -59;
_distanceMatrix(7,17) = -184;
_distanceMatrix(7,18) = -147;
_distanceMatrix(7,19) = -109;
_distanceMatrix(8,9) = -94;
_distanceMatrix(8,10) = -99;
_distanceMatrix(8,11) = -32;
_distanceMatrix(8,12) = -87;
_distanceMatrix(8,13) = -100;
_distanceMatrix(8,14) = -77;
_distanceMatrix(8,15) = -89;
_distanceMatrix(8,16) = -47;
_distanceMatrix(8,17) = -115;
_distanceMatrix(8,18) = -83;
_distanceMatrix(8,19) = -84;
_distanceMatrix(9,10) = -5;
_distanceMatrix(9,11) = -102;
_distanceMatrix(9,12) = -10;
_distanceMatrix(9,13) = -21;
_distanceMatrix(9,14) = -95;
_distanceMatrix(9,15) = -142;
_distanceMatrix(9,16) = -89;
_distanceMatrix(9,17) = -61;
_distanceMatrix(9,18) = -33;
_distanceMatrix(9,19) = -29;
_distanceMatrix(10,11) = -107;
_distanceMatrix(10,12) = -15;
_distanceMatrix(10,13) = -22;
_distanceMatrix(10,14) = -98;
_distanceMatrix(10,15) = -145;
_distanceMatrix(10,16) = -92;
_distanceMatrix(10,17) = -61;
_distanceMatrix(10,18) = -36;
_distanceMatrix(10,19) = -32;
_distanceMatrix(11,12) = -95;
_distanceMatrix(11,13) = -102;
_distanceMatrix(11,14) = -103;
_distanceMatrix(11,15) = -121;
_distanceMatrix(11,16) = -78;
_distanceMatrix(11,17) = -110;
_distanceMatrix(11,18) = -85;
_distanceMatrix(11,19) = -97;
_distanceMatrix(12,13) = -28;
_distanceMatrix(12,14) = -87;
_distanceMatrix(12,15) = -135;
_distanceMatrix(12,16) = -81;
_distanceMatrix(12,17) = -67;
_distanceMatrix(12,18) = -36;
_distanceMatrix(12,19) = -21;
_distanceMatrix(13,14) = -114;
_distanceMatrix(13,15) = -155;
_distanceMatrix(13,16) = -103;
_distanceMatrix(13,17) = -40;
_distanceMatrix(13,18) = -22;
_distanceMatrix(13,19) = -50;
_distanceMatrix(14,15) = -74;
_distanceMatrix(14,16) = -38;
_distanceMatrix(14,17) = -147;
_distanceMatrix(14,18) = -110;
_distanceMatrix(14,19) = -68;
_distanceMatrix(15,16) = -58;
_distanceMatrix(15,17) = -177;
_distanceMatrix(15,18) = -144;
_distanceMatrix(15,19) = -124;
_distanceMatrix(16,17) = -128;
_distanceMatrix(16,18) = -92;
_distanceMatrix(16,19) = -69;
_distanceMatrix(17,18) = -37;
_distanceMatrix(17,19) = -88;
_distanceMatrix(18,19) = -55;
