_distanceMatrix(0,0) = 0;
_distanceMatrix(1,0) = 1.39;
_distanceMatrix(1,1) = 0;
_distanceMatrix(2,0) = 2.37;
_distanceMatrix(2,1) = 3.48;
_distanceMatrix(2,2) = 0;
_distanceMatrix(3,0) = 2.46;
_distanceMatrix(3,1) = 3.26;
_distanceMatrix(3,2) = 0.9;
_distanceMatrix(3,3) = 0;
_distanceMatrix(4,0) = 3.23;
_distanceMatrix(4,1) = 2.24;
_distanceMatrix(4,2) = 4.27;
_distanceMatrix(4,3) = 3.59;
_distanceMatrix(4,4) = 0;
_distanceMatrix(5,0) = 0.91;
_distanceMatrix(5,1) = 2.22;
_distanceMatrix(5,2) = 2.37;
_distanceMatrix(5,3) = 2.78;
_distanceMatrix(5,4) = 4.14;
_distanceMatrix(5,5) = 0;
_distanceMatrix(6,0) = 2.17;
_distanceMatrix(6,1) = 2.56;
_distanceMatrix(6,2) = 1.72;
_distanceMatrix(6,3) = 0.96;
_distanceMatrix(6,4) = 2.63;
_distanceMatrix(6,5) = 2.78;
_distanceMatrix(6,6) = 0;
_distanceMatrix(7,0) = 2.69;
_distanceMatrix(7,1) = 1.63;
_distanceMatrix(7,2) = 3.98;
_distanceMatrix(7,3) = 3.39;
_distanceMatrix(7,4) = 0.61;
_distanceMatrix(7,5) = 3.6;
_distanceMatrix(7,6) = 2.45;
_distanceMatrix(7,7) = 0;
_distanceMatrix(8,0) = 2.96;
_distanceMatrix(8,1) = 3.27;
_distanceMatrix(8,2) = 2.05;
_distanceMatrix(8,3) = 1.14;
_distanceMatrix(8,4) = 2.85;
_distanceMatrix(8,5) = 3.54;
_distanceMatrix(8,6) = 0.79;
_distanceMatrix(8,7) = 2.84;
_distanceMatrix(8,8) = 0;
_distanceMatrix(9,0) = 2.76;
_distanceMatrix(9,1) = 1.65;
_distanceMatrix(9,2) = 4.1;
_distanceMatrix(9,3) = 3.53;
_distanceMatrix(9,4) = 0.63;
_distanceMatrix(9,5) = 3.67;
_distanceMatrix(9,6) = 2.59;
_distanceMatrix(9,7) = 0.14;
_distanceMatrix(9,8) = 2.98;
_distanceMatrix(9,9) = 0;
_distanceMatrix(10,0) = 2.42;
_distanceMatrix(10,1) = 1.46;
_distanceMatrix(10,2) = 3.69;
_distanceMatrix(10,3) = 3.13;
_distanceMatrix(10,4) = 0.82;
_distanceMatrix(10,5) = 3.34;
_distanceMatrix(10,6) = 2.19;
_distanceMatrix(10,7) = 0.29;
_distanceMatrix(10,8) = 2.63;
_distanceMatrix(10,9) = 0.41;
_distanceMatrix(10,10) = 0;
_distanceMatrix(11,0) = 1.78;
_distanceMatrix(11,1) = 2.83;
_distanceMatrix(11,2) = 0.65;
_distanceMatrix(11,3) = 0.85;
_distanceMatrix(11,4) = 3.7;
_distanceMatrix(11,5) = 1.96;
_distanceMatrix(11,6) = 1.29;
_distanceMatrix(11,7) = 3.37;
_distanceMatrix(11,8) = 1.84;
_distanceMatrix(11,9) = 3.49;
_distanceMatrix(11,10) = 3.08;
_distanceMatrix(11,11) = 0;
_distanceMatrix(12,0) = 0.06;
_distanceMatrix(12,1) = 1.33;
_distanceMatrix(12,2) = 2.4;
_distanceMatrix(12,3) = 2.48;
_distanceMatrix(12,4) = 3.17;
_distanceMatrix(12,5) = 0.97;
_distanceMatrix(12,6) = 2.15;
_distanceMatrix(12,7) = 2.62;
_distanceMatrix(12,8) = 2.94;
_distanceMatrix(12,9) = 2.7;
_distanceMatrix(12,10) = 2.36;
_distanceMatrix(12,11) = 1.8;
_distanceMatrix(12,12) = 0;
_distanceMatrix(13,0) = 1.92;
_distanceMatrix(13,1) = 2.48;
_distanceMatrix(13,2) = 1.47;
_distanceMatrix(13,3) = 0.84;
_distanceMatrix(13,4) = 2.81;
_distanceMatrix(13,5) = 2.48;
_distanceMatrix(13,6) = 0.32;
_distanceMatrix(13,7) = 2.57;
_distanceMatrix(13,8) = 1.06;
_distanceMatrix(13,9) = 2.7;
_distanceMatrix(13,10) = 2.3;
_distanceMatrix(13,11) = 0.99;
_distanceMatrix(13,12) = 1.92;
_distanceMatrix(13,13) = 0;
_distanceMatrix(14,0) = 2.92;
_distanceMatrix(14,1) = 3.06;
_distanceMatrix(14,2) = 2.34;
_distanceMatrix(14,3) = 1.45;
_distanceMatrix(14,4) = 2.47;
_distanceMatrix(14,5) = 3.58;
_distanceMatrix(14,6) = 0.82;
_distanceMatrix(14,7) = 2.49;
_distanceMatrix(14,8) = 0.4;
_distanceMatrix(14,9) = 2.62;
_distanceMatrix(14,10) = 2.29;
_distanceMatrix(14,11) = 2.04;
_distanceMatrix(14,12) = 2.9;
_distanceMatrix(14,13) = 1.13;
_distanceMatrix(14,14) = 0;
_distanceMatrix(15,0) = 0.51;
_distanceMatrix(15,1) = 1.84;
_distanceMatrix(15,2) = 1.87;
_distanceMatrix(15,3) = 2.06;
_distanceMatrix(15,4) = 3.45;
_distanceMatrix(15,5) = 0.85;
_distanceMatrix(15,6) = 1.94;
_distanceMatrix(15,7) = 2.95;
_distanceMatrix(15,8) = 2.71;
_distanceMatrix(15,9) = 3.04;
_distanceMatrix(15,10) = 2.67;
_distanceMatrix(15,11) = 1.31;
_distanceMatrix(15,12) = 0.56;
_distanceMatrix(15,13) = 1.65;
_distanceMatrix(15,14) = 2.74;
_distanceMatrix(15,15) = 0;
_distanceMatrix(16,0) = 0.9;
_distanceMatrix(16,1) = 1.45;
_distanceMatrix(16,2) = 2.05;
_distanceMatrix(16,3) = 1.83;
_distanceMatrix(16,4) = 2.6;
_distanceMatrix(16,5) = 1.7;
_distanceMatrix(16,6) = 1.32;
_distanceMatrix(16,7) = 2.14;
_distanceMatrix(16,8) = 2.1;
_distanceMatrix(16,9) = 2.25;
_distanceMatrix(16,10) = 1.86;
_distanceMatrix(16,11) = 1.4;
_distanceMatrix(16,12) = 0.87;
_distanceMatrix(16,13) = 1.12;
_distanceMatrix(16,14) = 2.03;
_distanceMatrix(16,15) = 0.89;
_distanceMatrix(16,16) = 0;
_distanceMatrix(17,0) = 1.85;
_distanceMatrix(17,1) = 0.86;
_distanceMatrix(17,2) = 3.4;
_distanceMatrix(17,3) = 2.97;
_distanceMatrix(17,4) = 1.43;
_distanceMatrix(17,5) = 2.76;
_distanceMatrix(17,6) = 2.11;
_distanceMatrix(17,7) = 0.85;
_distanceMatrix(17,8) = 2.7;
_distanceMatrix(17,9) = 0.91;
_distanceMatrix(17,10) = 0.62;
_distanceMatrix(17,11) = 2.76;
_distanceMatrix(17,12) = 1.79;
_distanceMatrix(17,13) = 2.13;
_distanceMatrix(17,14) = 2.43;
_distanceMatrix(17,15) = 2.15;
_distanceMatrix(17,16) = 1.42;
_distanceMatrix(17,17) = 0;
_distanceMatrix(18,0) = 4.23;
_distanceMatrix(18,1) = 3.34;
_distanceMatrix(18,2) = 4.88;
_distanceMatrix(18,3) = 4.08;
_distanceMatrix(18,4) = 1.11;
_distanceMatrix(18,5) = 5.13;
_distanceMatrix(18,6) = 3.16;
_distanceMatrix(18,7) = 1.72;
_distanceMatrix(18,8) = 3.11;
_distanceMatrix(18,9) = 1.73;
_distanceMatrix(18,10) = 1.89;
_distanceMatrix(18,11) = 4.39;
_distanceMatrix(18,12) = 4.17;
_distanceMatrix(18,13) = 3.42;
_distanceMatrix(18,14) = 2.72;
_distanceMatrix(18,15) = 4.38;
_distanceMatrix(18,16) = 3.5;
_distanceMatrix(18,17) = 2.51;
_distanceMatrix(18,18) = 0;
_distanceMatrix(19,0) = 3.18;
_distanceMatrix(19,1) = 2.38;
_distanceMatrix(19,2) = 3.95;
_distanceMatrix(19,3) = 3.22;
_distanceMatrix(19,4) = 0.48;
_distanceMatrix(19,5) = 4.08;
_distanceMatrix(19,6) = 2.27;
_distanceMatrix(19,7) = 0.86;
_distanceMatrix(19,8) = 2.42;
_distanceMatrix(19,9) = 0.94;
_distanceMatrix(19,10) = 0.93;
_distanceMatrix(19,11) = 3.42;
_distanceMatrix(19,12) = 3.12;
_distanceMatrix(19,13) = 2.48;
_distanceMatrix(19,14) = 2.02;
_distanceMatrix(19,15) = 3.33;
_distanceMatrix(19,16) = 2.45;
_distanceMatrix(19,17) = 1.52;
_distanceMatrix(19,18) = 1.06;
_distanceMatrix(19,19) = 0;
_distanceMatrix(0,1) = -1.39;
_distanceMatrix(0,2) = -2.37;
_distanceMatrix(0,3) = -2.46;
_distanceMatrix(0,4) = -3.23;
_distanceMatrix(0,5) = -0.91;
_distanceMatrix(0,6) = -2.17;
_distanceMatrix(0,7) = -2.69;
_distanceMatrix(0,8) = -2.96;
_distanceMatrix(0,9) = -2.76;
_distanceMatrix(0,10) = -2.42;
_distanceMatrix(0,11) = -1.78;
_distanceMatrix(0,12) = -0.06;
_distanceMatrix(0,13) = -1.92;
_distanceMatrix(0,14) = -2.92;
_distanceMatrix(0,15) = -0.51;
_distanceMatrix(0,16) = -0.9;
_distanceMatrix(0,17) = -1.85;
_distanceMatrix(0,18) = -4.23;
_distanceMatrix(0,19) = -3.18;
_distanceMatrix(1,2) = -3.48;
_distanceMatrix(1,3) = -3.26;
_distanceMatrix(1,4) = -2.24;
_distanceMatrix(1,5) = -2.22;
_distanceMatrix(1,6) = -2.56;
_distanceMatrix(1,7) = -1.63;
_distanceMatrix(1,8) = -3.27;
_distanceMatrix(1,9) = -1.65;
_distanceMatrix(1,10) = -1.46;
_distanceMatrix(1,11) = -2.83;
_distanceMatrix(1,12) = -1.33;
_distanceMatrix(1,13) = -2.48;
_distanceMatrix(1,14) = -3.06;
_distanceMatrix(1,15) = -1.84;
_distanceMatrix(1,16) = -1.45;
_distanceMatrix(1,17) = -0.86;
_distanceMatrix(1,18) = -3.34;
_distanceMatrix(1,19) = -2.38;
_distanceMatrix(2,3) = -0.9;
_distanceMatrix(2,4) = -4.27;
_distanceMatrix(2,5) = -2.37;
_distanceMatrix(2,6) = -1.72;
_distanceMatrix(2,7) = -3.98;
_distanceMatrix(2,8) = -2.05;
_distanceMatrix(2,9) = -4.1;
_distanceMatrix(2,10) = -3.69;
_distanceMatrix(2,11) = -0.65;
_distanceMatrix(2,12) = -2.4;
_distanceMatrix(2,13) = -1.47;
_distanceMatrix(2,14) = -2.34;
_distanceMatrix(2,15) = -1.87;
_distanceMatrix(2,16) = -2.05;
_distanceMatrix(2,17) = -3.4;
_distanceMatrix(2,18) = -4.88;
_distanceMatrix(2,19) = -3.95;
_distanceMatrix(3,4) = -3.59;
_distanceMatrix(3,5) = -2.78;
_distanceMatrix(3,6) = -0.96;
_distanceMatrix(3,7) = -3.39;
_distanceMatrix(3,8) = -1.14;
_distanceMatrix(3,9) = -3.53;
_distanceMatrix(3,10) = -3.13;
_distanceMatrix(3,11) = -0.85;
_distanceMatrix(3,12) = -2.48;
_distanceMatrix(3,13) = -0.84;
_distanceMatrix(3,14) = -1.45;
_distanceMatrix(3,15) = -2.06;
_distanceMatrix(3,16) = -1.83;
_distanceMatrix(3,17) = -2.97;
_distanceMatrix(3,18) = -4.08;
_distanceMatrix(3,19) = -3.22;
_distanceMatrix(4,5) = -4.14;
_distanceMatrix(4,6) = -2.63;
_distanceMatrix(4,7) = -0.61;
_distanceMatrix(4,8) = -2.85;
_distanceMatrix(4,9) = -0.63;
_distanceMatrix(4,10) = -0.82;
_distanceMatrix(4,11) = -3.7;
_distanceMatrix(4,12) = -3.17;
_distanceMatrix(4,13) = -2.81;
_distanceMatrix(4,14) = -2.47;
_distanceMatrix(4,15) = -3.45;
_distanceMatrix(4,16) = -2.6;
_distanceMatrix(4,17) = -1.43;
_distanceMatrix(4,18) = -1.11;
_distanceMatrix(4,19) = -0.48;
_distanceMatrix(5,6) = -2.78;
_distanceMatrix(5,7) = -3.6;
_distanceMatrix(5,8) = -3.54;
_distanceMatrix(5,9) = -3.67;
_distanceMatrix(5,10) = -3.34;
_distanceMatrix(5,11) = -1.96;
_distanceMatrix(5,12) = -0.97;
_distanceMatrix(5,13) = -2.48;
_distanceMatrix(5,14) = -3.58;
_distanceMatrix(5,15) = -0.85;
_distanceMatrix(5,16) = -1.7;
_distanceMatrix(5,17) = -2.76;
_distanceMatrix(5,18) = -5.13;
_distanceMatrix(5,19) = -4.08;
_distanceMatrix(6,7) = -2.45;
_distanceMatrix(6,8) = -0.79;
_distanceMatrix(6,9) = -2.59;
_distanceMatrix(6,10) = -2.19;
_distanceMatrix(6,11) = -1.29;
_distanceMatrix(6,12) = -2.15;
_distanceMatrix(6,13) = -0.32;
_distanceMatrix(6,14) = -0.82;
_distanceMatrix(6,15) = -1.94;
_distanceMatrix(6,16) = -1.32;
_distanceMatrix(6,17) = -2.11;
_distanceMatrix(6,18) = -3.16;
_distanceMatrix(6,19) = -2.27;
_distanceMatrix(7,8) = -2.84;
_distanceMatrix(7,9) = -0.14;
_distanceMatrix(7,10) = -0.29;
_distanceMatrix(7,11) = -3.37;
_distanceMatrix(7,12) = -2.62;
_distanceMatrix(7,13) = -2.57;
_distanceMatrix(7,14) = -2.49;
_distanceMatrix(7,15) = -2.95;
_distanceMatrix(7,16) = -2.14;
_distanceMatrix(7,17) = -0.85;
_distanceMatrix(7,18) = -1.72;
_distanceMatrix(7,19) = -0.86;
_distanceMatrix(8,9) = -2.98;
_distanceMatrix(8,10) = -2.63;
_distanceMatrix(8,11) = -1.84;
_distanceMatrix(8,12) = -2.94;
_distanceMatrix(8,13) = -1.06;
_distanceMatrix(8,14) = -0.4;
_distanceMatrix(8,15) = -2.71;
_distanceMatrix(8,16) = -2.1;
_distanceMatrix(8,17) = -2.7;
_distanceMatrix(8,18) = -3.11;
_distanceMatrix(8,19) = -2.42;
_distanceMatrix(9,10) = -0.41;
_distanceMatrix(9,11) = -3.49;
_distanceMatrix(9,12) = -2.7;
_distanceMatrix(9,13) = -2.7;
_distanceMatrix(9,14) = -2.62;
_distanceMatrix(9,15) = -3.04;
_distanceMatrix(9,16) = -2.25;
_distanceMatrix(9,17) = -0.91;
_distanceMatrix(9,18) = -1.73;
_distanceMatrix(9,19) = -0.94;
_distanceMatrix(10,11) = -3.08;
_distanceMatrix(10,12) = -2.36;
_distanceMatrix(10,13) = -2.3;
_distanceMatrix(10,14) = -2.29;
_distanceMatrix(10,15) = -2.67;
_distanceMatrix(10,16) = -1.86;
_distanceMatrix(10,17) = -0.62;
_distanceMatrix(10,18) = -1.89;
_distanceMatrix(10,19) = -0.93;
_distanceMatrix(11,12) = -1.8;
_distanceMatrix(11,13) = -0.99;
_distanceMatrix(11,14) = -2.04;
_distanceMatrix(11,15) = -1.31;
_distanceMatrix(11,16) = -1.4;
_distanceMatrix(11,17) = -2.76;
_distanceMatrix(11,18) = -4.39;
_distanceMatrix(11,19) = -3.42;
_distanceMatrix(12,13) = -1.92;
_distanceMatrix(12,14) = -2.9;
_distanceMatrix(12,15) = -0.56;
_distanceMatrix(12,16) = -0.87;
_distanceMatrix(12,17) = -1.79;
_distanceMatrix(12,18) = -4.17;
_distanceMatrix(12,19) = -3.12;
_distanceMatrix(13,14) = -1.13;
_distanceMatrix(13,15) = -1.65;
_distanceMatrix(13,16) = -1.12;
_distanceMatrix(13,17) = -2.13;
_distanceMatrix(13,18) = -3.42;
_distanceMatrix(13,19) = -2.48;
_distanceMatrix(14,15) = -2.74;
_distanceMatrix(14,16) = -2.03;
_distanceMatrix(14,17) = -2.43;
_distanceMatrix(14,18) = -2.72;
_distanceMatrix(14,19) = -2.02;
_distanceMatrix(15,16) = -0.89;
_distanceMatrix(15,17) = -2.15;
_distanceMatrix(15,18) = -4.38;
_distanceMatrix(15,19) = -3.33;
_distanceMatrix(16,17) = -1.42;
_distanceMatrix(16,18) = -3.5;
_distanceMatrix(16,19) = -2.45;
_distanceMatrix(17,18) = -2.51;
_distanceMatrix(17,19) = -1.52;
_distanceMatrix(18,19) = -1.06;
